8
-79.678 -18.2223 -79.6794 -18.2245 -79.7308 -18.2755 -79.9456 -18.2264 -79.9646 -18.0982 -79.9465 -18.0573 -79.9446 -18.0545 -79.6678 -18.0803 
16
55.2287 37.3792 52.6356 30.8384 36.1688 25.2406 35.6917 25.3963 29.2448 29.7926 28.5627 30.6552 26.1816 43.1851 26.4266 44.0188 26.8501 45.1576 28.8126 48.5185 35.2775 53.2959 35.7098 53.452 40.775 54.2559 49.2258 51.4447 50.0481 50.8051 50.8373 50.0961 
20
22.5754 48.366 21.2128 44.3216 20.9858 43.9204 20.1811 42.7211 7.72889 38.0188 4.31488 39.2474 4.27266 39.2701 2.75238 40.2379 2.23347 40.6452 0.995856 41.8215 -0.862107 44.4628 -2.23122 49.0024 -2.23424 49.0322 -2.2627 51.1991 9.23896 62.7509 10.5872 62.7833 13.7388 62.2817 17.4995 60.4477 21.7534 55.1073 22.6465 51.6568 
4
21.8623 60.7025 18.9662 61.7739 13.1748 66.2542 29.2389 94.29 
11
40.3717 -86.2042 36.3915 -80.4361 37.4346 -77.5302 37.8253 -77.0446 37.9846 -76.8748 39.5362 -75.7532 41.1401 -75.2475 41.9115 -75.1803 42.0396 -75.1795 45.9035 -76.7377 47.6343 -80.4215 
11
92.3606 44.2367 90.6064 43.1607 90.4813 43.201 90.431 43.2209 89.8617 43.6558 89.6022 44.1945 89.5983 44.211 89.6571 45.032 90.4014 45.8163 91.0614 45.9361 91.5965 45.7955 
5
-88.1126 86.4046 -91.6979 84.8771 -92.7249 84.8152 -98.4454 96.4422 -95.9726 98.5275 
20
19.0464 -54.9956 8.71605 -60.7107 5.15981 -61.7923 4.42418 -61.9683 1.53928 -62.5083 -38.633 -13.0709 -37.4822 -10.2882 -36.9677 -9.2198 -26.5617 3.44653 -22.8932 5.95679 -14.7888 9.57665 -10.3042 10.6635 -10.0925 10.7004 -4.27015 11.2301 0.749292 10.9483 7.84422 9.34517 8.33203 9.17947 12.5412 7.41974 19.1818 3.22178 20.8516 1.81716 
6
-51.4336 51.3512 -56.2767 48.9613 -80.3712 57.1122 -83.4491 64.42 -72.4219 87.3659 -47.8164 83.0384 
11
6.1352 62.3709 6.09269 62.34 5.36683 61.9624 4.22953 61.7974 1.45668 65.0891 1.57014 65.6194 2.12743 66.637 2.29776 66.8228 4.23472 67.6836 4.30686 67.6864 4.50623 67.6848 
12
92.7362 74.2728 91.922 70.9132 86.7871 64.7632 85.8271 64.2256 83.6922 63.3815 80.1791 62.8666 74.0453 64.412 67.4925 74.2648 69.1023 81.8547 83.243 87.8486 86.8329 86.3153 92.2911 79.1141 
20
-58.9827 23.9297 -59.123 23.0751 -60.3568 18.9253 -72.9989 7.24776 -80.7725 6.28116 -83.5361 6.65726 -95.8916 14.5098 -98.7365 19.7687 -99.3386 21.7084 -99.8781 24.7163 -99.9834 26.416 -99.9785 27.4596 -99.179 32.5565 -96.9677 37.5797 -96.8074 37.8379 -95.7072 39.4133 -82.4112 47.2219 -80.5911 47.4103 -63.2652 39.6794 -59.7988 33.2508 
11
34.7884 92.7482 34.6667 92.9828 34.5782 93.6076 35.5443 94.7624 36.2467 94.7688 36.3146 94.749 36.4583 94.6937 36.669 94.5742 37.0279 94.2036 37.127 94.0209 37.2406 93.5527 
8
-78.2522 -14.4129 -80.8876 -14.048 -85.7332 -5.2591 -82.019 -0.518752 -80.2211 0.148551 -79.7331 0.243103 -77.9398 0.307213 -76.9984 0.164187 
12
54.9561 -10.5286 54.8926 -10.6161 49.5835 -13.5675 48.8909 -13.5897 47.5574 -13.4464 46.8486 -13.2662 45.3186 -12.5954 42.009 -4.11964 45.4947 0.149528 48.4183 1.02191 52.8072 -0.0212036 53.7872 -0.735119 
